[0m                                                  [0m
                                                  [0m
                             [38;2;17;17;17m▄[0m                    [0m
                           [38;2;8;8;8m▄[38;2;40;41;71;48;2;3;3;3m▄[38;2;69;71;131;48;2;26;26;38m▌[38;2;0;0;0;48;2;30;30;30m▌[0m                   [0m
                          [7m[38;2;6;6;6m▌[0m[38;2;78;81;159;48;2;12;12;24m▄[38;2;119;123;239;48;2;111;115;224m▄[38;2;105;108;212;48;2;0;0;1m▌[0m[38;2;0;0;0m▌[0m                   [0m
                         [38;2;3;3;5;48;2;12;12;12m▄[38;2;99;102;199;48;2;26;27;48m▄[38;2;118;122;236;48;2;80;83;153m▄[38;2;98;101;194;48;2;111;114;216m▌[38;2;51;53;104;48;2;0;0;0m▌[0m[38;2;21;21;21m▌[0m                   [0m
                [38;2;13;13;13m▄[38;2;0;0;0m▄[38;2;5;5;5m▄[0m     [38;2;4;4;9;48;2;14;14;14m▄[38;2;106;110;215;48;2;47;48;95m▄[38;2;88;90;162;48;2;119;123;239m▄[38;2;96;99;187m▄[38;2;119;123;236;48;2;100;103;202m▌[38;2;2;2;2;48;2;1;1;3m▄[0m   [38;2;7;7;7m▄[38;2;35;36;72;48;2;17;17;17m▄[38;2;100;103;203;48;2;0;0;0m▄[38;2;68;71;139;48;2;4;4;4m▄[0m[38;2;3;3;3m▄[0m            [0m
               [38;2;7;7;7;48;2;11;11;18m▌[38;2;103;107;209;48;2;25;25;50m▄[38;2;119;123;239;48;2;110;114;222m▄[38;2;118;122;238;48;2;68;71;139m▄[38;2;33;35;69;48;2;1;1;1m▄[0m[38;2;14;14;14m▌[0m  [38;2;10;10;12;48;2;13;13;13m▄[38;2;51;52;104;48;2;106;110;215m▌[38;2;119;123;239;48;2;119;123;239m▄▄[48;2;104;108;204m▄[38;2;101;104;201;48;2;34;35;61m▌[38;2;0;0;0;48;2;25;25;25m▌[0m [38;2;12;12;12m▄[38;2;20;20;41;48;2;6;6;6m▄[38;2;113;117;229;48;2;38;40;79m▄[38;2;119;123;239;48;2;117;121;235m▄[48;2;119;123;239m▄[48;2;118;122;238m▄[38;2;56;58;115;48;2;0;0;0m▌[0m[38;2;8;8;8m▄[0m           [0m
             [38;2;9;9;9m▄[38;2;17;18;36;48;2;7;7;7m▄[38;2;116;120;234;48;2;67;70;137m▄[38;2;119;123;239;48;2;119;123;239m▄▄▄[48;2;88;91;179m▌[38;2;11;12;24;48;2;3;3;3m▄[0m[38;2;19;19;19m▌[38;2;3;3;3;48;2;13;13;13m▄[38;2;31;32;65;48;2;82;85;161m▌[38;2;62;64;126;48;2;83;85;152m▄[38;2;34;36;68;48;2;83;86;161m▄[38;2;9;9;10;48;2;105;109;206m▄[38;2;0;0;0;48;2;109;113;220m▄[38;2;51;53;97;48;2;5;5;5m▌[38;2;3;3;3;48;2;19;19;19m▌[38;2;14;14;14;48;2;8;8;8m▌[38;2;9;9;9;48;2;0;0;0m▄[0m[7m[38;2;15;15;31m▄[38;2;22;23;46m▄[38;2;18;19;38m▄[0m[38;2;20;20;27;48;2;8;8;13m▌[0m[7m[38;2;4;4;12m▄[0m[38;2;2;2;4;48;2;1;1;1m▌[0m[7m[38;2;7;7;7m▄[38;2;28;28;28m▄[38;2;4;4;4m▄[0m[38;2;12;12;12;48;2;16;16;16m▌[38;2;13;13;13;48;2;5;5;5m▌[0m[38;2;17;17;17m▄[0m      [0m
             [38;2;6;6;13;48;2;5;5;5m▄[38;2;69;71;140;48;2;116;120;234m▌[38;2;119;123;239;48;2;119;123;239m▄[38;2;114;118;230m▄[38;2;75;78;153m▄[38;2;33;35;69m▄[38;2;1;1;3;48;2;109;113;221m▄[38;2;35;36;61;48;2;6;6;6m▌[38;2;13;13;13m▄[0m[7m[38;2;0;0;0m▄[38;2;8;8;8m▄[38;2;11;11;11m▄[38;2;13;13;13m▄[0m                 [7m[38;2;7;7;7m▄[0m[38;2;7;7;7m▌[0m     [0m
            [38;2;16;16;16;48;2;0;0;0m▌[38;2;13;13;27;48;2;72;74;146m▌[38;2;8;9;18;48;2;110;114;222m▄[38;2;10;10;10;48;2;57;59;116m▄[38;2;17;17;26;48;2;5;5;5m▌[0m[7m[38;2;11;11;11m▄[38;2;12;12;12m▄[0m                         [7m[38;2;8;8;8m▌[0m[38;2;7;7;7;48;2;16;16;16m▄[0m    [0m
           [7m[38;2;18;18;18m▌[0m[38;2;5;5;5;48;2;0;0;0m▄[0m[38;2;5;5;5m▌[0m         [38;2;23;24;24m▄[38;2;27;29;29m▄[0m    [7m[38;2;25;26;26m▌[0m[38;2;25;27;27;48;2;38;39;39m▄[0m[38;2;32;34;34m▄[0m             [7m[38;2;11;11;11m▌[0m[38;2;9;9;9m▌[0m   [0m
        [38;2;14;14;14m▄[38;2;5;5;5;48;2;13;13;21m▌[38;2;42;43;86;48;2;10;10;10m▄[38;2;8;8;8;48;2;0;0;0m▄[0m           [38;2;21;22;22;48;2;31;32;32m▄[38;2;25;27;27;48;2;25;27;27m▄[38;2;27;29;29;48;2;38;39;39m▌[0m    [38;2;29;31;31;48;2;25;27;27m▄[38;2;26;28;28;48;2;38;40;40m▌[0m[38;2;35;36;36m▄[0m             [38;2;12;12;12;48;2;1;1;1m▌[0m   [0m
      [7m[38;2;12;12;12m▌[0m[38;2;3;3;5;48;2;29;30;55m▌[38;2;110;114;223;48;2;19;19;39m▄[38;2;119;123;239;48;2;102;105;206m▄[38;2;84;87;171;48;2;0;0;0m▌[0m[38;2;9;9;9m▌[0m            [38;2;34;35;35;48;2;25;27;27m▄[38;2;25;27;27m▄[38;2;33;34;34;48;2;27;28;28m▄[0m   [7m[38;2;27;29;29m▄[0m[38;2;28;30;30;48;2;25;27;27m▄[38;2;25;27;27;48;2;44;46;46m▌[0m             [38;2;13;13;13;48;2;0;0;0m▌[0m[38;2;27;27;27m▌[0m  [0m
     [38;2;8;8;8;48;2;19;19;32m▌[38;2;107;110;216;48;2;22;23;46m▄[38;2;119;123;239;48;2;112;115;225m▄[48;2;119;123;239m▄▄[38;2;49;50;99;48;2;0;0;0m▌[0m[38;2;27;27;27m▌[0m             [7m[38;2;26;28;28m▄[38;2;31;33;33m▄[0m                  [7m[38;2;12;12;12m▌[0m[38;2;1;1;1;48;2;15;15;15m▌[0m   [0m
   [7m[38;2;21;21;21m▌[0m[38;2;3;3;3;48;2;25;26;52m▌[38;2;118;122;238;48;2;89;92;181m▄[38;2;115;118;231;48;2;119;123;239m▄[38;2;119;123;239m▄▄▄[38;2;60;62;123;48;2;0;0;0m▌[0m[38;2;21;21;21m▌[0m                                [38;2;5;5;5m▄[38;2;16;16;16;48;2;7;7;7m▌[0m    [0m
    [38;2;5;5;5;48;2;15;16;31m▄[38;2;1;1;3;48;2;26;27;53m▄[38;2;53;55;108;48;2;4;5;10m▄[38;2;119;123;239;48;2;116;120;233m▄[48;2;119;123;239m▄▄[38;2;86;89;176;48;2;0;0;0m▌[0m[38;2;15;15;15m▄[0m                             [38;2;6;6;6m▄[38;2;8;8;8;48;2;15;15;15m▌[0m[38;2;5;5;5m▌[0m      [0m
   [38;2;5;5;5m▄[38;2;76;79;155;48;2;13;13;26m▄[38;2;119;123;239;48;2;110;113;221m▄[48;2;119;123;239m▄▄▄▄[38;2;104;108;211;48;2;0;0;0m▌[0m[38;2;0;0;0m▌[0m                          [38;2;7;7;7m▄[38;2;10;10;10;48;2;15;15;15m▄[0m[7m[38;2;7;7;7m▄[0m         [0m
  [7m[38;2;27;27;27m▌[0m[38;2;0;0;0;48;2;47;49;96m▌[38;2;119;123;239;48;2;117;121;236m▄[48;2;119;123;239m▄▄▄▄▄[38;2;116;120;234;48;2;0;0;1m▌[0m[38;2;0;0;0m▌[0m                       [38;2;14;14;14m▄[38;2;6;6;6;48;2;14;14;14m▌[0m[7m[38;2;4;4;4m▄[0m            [0m
   [38;2;5;5;5;48;2;21;22;43m▄[38;2;70;72;142;48;2;118;122;238m▄[38;2;31;32;63;48;2;104;107;209m▄[38;2;0;0;0;48;2;23;23;48m▄[38;2;5;5;11;48;2;59;61;121m▌[38;2;119;123;239;48;2;119;123;239m▄▄[48;2;8;8;17m▌[0m[38;2;0;0;0m▌[0m                       [38;2;0;0;0;48;2;12;12;12m▌[0m              [0m
    [38;2;17;17;17;48;2;2;2;2m▌[38;2;46;48;94;48;2;0;0;0m▄[38;2;118;122;238;48;2;21;22;45m▄[38;2;119;123;239;48;2;99;103;201m▄[48;2;119;123;239m▄▄[48;2;16;17;33m▌[38;2;0;0;0;48;2;41;41;41m▌[0m                       [38;2;12;12;12;48;2;4;4;4m▌[0m[38;2;15;15;15m▄[0m             [0m
    [38;2;0;0;0;48;2;9;9;9m▄[38;2;80;83;163;48;2;119;123;239m▌[38;2;119;123;239m▄[38;2;82;84;165m▄[38;2;55;57;113m▄[38;2;119;123;239m▄[48;2;23;24;47m▌[38;2;0;0;0;48;2;26;26;26m▌[0m                        [38;2;15;15;15;48;2;3;3;3m▄[0m[38;2;17;17;17m▌[0m            [0m
    [38;2;17;17;17;48;2;3;3;3m▄[38;2;13;13;27;48;2;99;103;201m▄[38;2;18;18;37;48;2;97;100;196m▄[38;2;1;1;3;48;2;3;3;7m▄[38;2;25;26;52;48;2;89;92;181m▌[38;2;119;123;239;48;2;119;123;239m▄[48;2;29;30;58m▌[38;2;0;0;0;48;2;11;11;11m▌[0m                         [38;2;17;17;17;48;2;4;4;4m▄[0m[38;2;14;14;14m▄[0m           [0m
     [7m[38;2;21;21;21m▌[0m[38;2;0;0;0;48;2;26;26;53m▌[38;2;119;123;239;48;2;93;96;188m▄[48;2;119;123;239m▄▄[48;2;33;35;69m▌[38;2;0;0;0;48;2;1;1;1m▄[0m                          [38;2;12;12;12;48;2;3;3;3m▌[0m[38;2;13;13;13m▌[0m          [0m
       [7m[38;2;99;102;199m▄[38;2;119;123;239m▄▄[0m[38;2;87;90;175;48;2;30;31;61m▌[38;2;0;0;0;48;2;20;20;20m▌[0m                           [38;2;5;5;5;48;2;6;6;6m▄[0m          [0m
